class data_generator():
    '''
    Class for easy generating data
    '''
    przyklad_prezka = [[0, 670, 758, 427, 581, 211, 369], [670, 0, 361, 252, 132, 492, 680], [758, 361, 0, 332, 493, 690, 759], [427, 252, 332, 0, 357, 394, 431],
                       [581, 132, 493, 357, 0, 391, 650], [211, 492, 690, 394, 391, 0, 521], [369, 680, 759, 431, 650, 521, 0]]

    def __init__(self):
        pass

    def __del__(self):
        pass

    def random(self, noConnections):
        # TODO: zrobić to xDD
        pass

    def prezka(self):
        '''
        returns example from
        '''
        return self.przyklad_prezka
